Car 0.0000 0.0000 0.0000 482.0000 182.0000 552.0000 226.0000 1.4605 1.7913 3.8030 -3.3363 1.7910 26.6935 -1.4734 0.9998
Car 0.0000 0.0000 0.0000 371.0000 185.0000 512.0000 265.0000 1.4362 1.7685 3.7131 -3.3758 1.6882 15.0901 -1.4713 0.9994
Car 0.0000 0.0000 0.0000 -161.0000 198.0000 375.0000 487.0000 1.4779 1.7463 3.6929 -3.4111 1.7274 5.7993 1.5708 0.9987
Car 0.0000 0.0000 0.0000 691.0000 180.0000 793.0000 261.0000 1.4712 1.7346 3.8122 2.6540 1.6211 15.2896 1.5708 0.9951
Car 0.0000 0.0000 0.0000 806.0000 178.0000 1239.0000 425.0000 1.4843 1.7558 3.9297 3.0012 1.5343 6.3514 1.5708 0.9951
Car 0.0000 0.0000 0.0000 568.0000 180.0000 595.0000 201.0000 1.4784 1.7520 3.7969 -2.0143 1.9647 54.6883 1.5708 0.9931
Car 0.0000 0.0000 0.0000 548.0000 181.0000 574.0000 201.0000 1.4963 1.7214 3.7136 -3.5785 2.0228 54.7482 1.5673 0.9756
Car 0.0000 0.0000 0.0000 218.0000 188.0000 475.0000 351.0000 1.4860 1.7045 3.7990 -2.8864 1.6882 8.7327 1.5708 0.9698
Car 0.0000 0.0000 0.0000 605.0000 180.0000 631.0000 201.0000 1.4829 1.7330 3.9581 0.7447 1.9233 54.1247 1.5708 0.9665
Car 0.0000 0.0000 0.0000 705.0000 180.0000 736.0000 200.0000 1.4769 1.6967 3.8464 8.3654 1.9154 54.1984 1.5671 0.9603
