Car 0.0000 0.0000 0.0000 464.0000 181.0000 537.0000 232.0000 1.4927 1.7489 3.8073 -3.4365 1.7419 23.3077 1.5708 0.9976
Car 0.0000 0.0000 0.0000 386.0000 182.0000 499.0000 252.0000 1.4937 1.7429 3.8507 -3.9708 1.7178 17.7056 1.5708 0.9961
Car 0.0000 0.0000 0.0000 6.0000 187.0000 419.0000 399.0000 1.4757 1.7465 3.8802 -3.4694 1.6386 7.1787 1.5708 0.9948
Car 0.0000 0.0000 0.0000 624.0000 179.0000 656.0000 207.0000 1.4756 1.7424 3.7982 1.7765 1.7971 41.5021 1.5708 0.9947
Car 0.0000 0.0000 0.0000 657.0000 179.0000 691.0000 207.0000 1.4919 1.7386 3.8430 3.7012 1.7964 41.4344 1.5708 0.9889
Car 0.0000 0.0000 0.0000 259.0000 183.0000 397.0000 251.0000 1.4841 1.7224 3.8830 -6.8915 1.7364 18.0216 1.5708 0.9885
Car 0.0000 0.0000 0.0000 676.0000 179.0000 720.0000 213.0000 1.4957 1.7450 3.8974 4.0641 1.7226 33.2973 1.5708 0.9855
Car 0.0000 0.0000 0.0000 716.0000 178.0000 756.0000 206.0000 1.4922 1.7435 3.9077 7.2464 1.7579 41.3413 1.5708 0.9829
Car 0.0000 0.0000 0.0000 829.0000 184.0000 1347.0000 453.0000 1.4643 1.7125 3.8380 3.2380 1.5718 5.9659 1.5678 0.9825
Car 0.0000 0.0000 0.0000 683.0000 179.0000 720.0000 207.0000 1.4944 1.7315 3.8582 5.2991 1.7858 41.3894 1.5708 0.9808
Car 0.0000 0.0000 0.0000 305.0000 183.0000 354.0000 204.0000 1.4684 1.7242 3.9641 -20.3119 2.1289 52.5064 -1.4779 0.9807
Car 0.0000 0.0000 0.0000 244.0000 184.0000 335.0000 227.0000 1.4767 1.7273 3.8698 -12.1382 1.8970 27.5978 1.5708 0.9729
Car 0.0000 0.0000 0.0000 809.0000 180.0000 1025.0000 303.0000 1.4736 1.6927 3.9728 4.2225 1.5660 10.6647 1.5708 0.9674
Car 0.0000 0.0000 0.0000 714.0000 178.0000 759.0000 213.0000 1.4831 1.7123 3.9726 5.8248 1.6900 33.2473 -1.4756 0.9660
Car 0.0000 0.0000 0.0000 507.0000 181.0000 549.0000 209.0000 1.4772 1.7088 3.9579 -4.5731 1.8927 41.2388 1.5708 0.9600
