Car 0.0000 0.0000 0.0000 535.0000 180.0000 563.0000 198.0000 1.4897 1.7769 3.8212 -5.1142 2.0060 61.9762 1.5708 0.9989
Car 0.0000 0.0000 0.0000 147.0000 187.0000 302.0000 250.0000 1.4306 1.7540 3.8512 -9.9767 1.8072 18.9874 -1.4647 0.9974
Car 0.0000 0.0000 0.0000 611.0000 179.0000 631.0000 196.0000 1.4912 1.7270 3.9285 1.2128 2.0077 68.7092 1.5708 0.9947
Car 0.0000 0.0000 0.0000 292.0000 186.0000 421.0000 253.0000 1.4635 1.7281 3.8439 -6.2130 1.7926 18.1213 1.5708 0.9938
Car 0.0000 0.0000 0.0000 710.0000 181.0000 832.0000 264.0000 1.4967 1.7272 3.9206 3.2059 1.6558 15.1267 1.5708 0.9878
Car 0.0000 0.0000 0.0000 861.0000 185.0000 1403.0000 455.0000 1.4714 1.7084 3.8526 3.5721 1.5914 5.9754 1.5708 0.9802
Car 0.0000 0.0000 0.0000 275.0000 185.0000 377.0000 233.0000 1.4604 1.7255 3.9118 -9.4899 1.8524 24.4251 1.5708 0.9799
Car 0.0000 0.0000 0.0000 361.0000 185.0000 458.0000 242.0000 1.4754 1.7190 3.8844 -5.7613 1.8129 21.1800 1.5708 0.9785
Car 0.0000 0.0000 0.0000 37.0000 189.0000 351.0000 342.0000 1.4634 1.7054 3.8776 -4.8883 1.6853 9.1282 1.5708 0.9780
Car 0.0000 0.0000 0.0000 375.0000 183.0000 420.0000 207.0000 1.4925 1.7052 3.8429 -14.0843 2.0940 48.1164 1.5708 0.9639
